00001
00002
00005
00006
00007
00008
00009
00010
00011
00012
00013
00014
00015
00016
00017
00018
00019
00020
00021
00022
00023
00024
00025
00026
00027
00029
00031
00033
00034
00035
00037
00038
00040
00042
00043
00044
00045
00046
00048
00050
00051
00052
00055
00056
00057
00058
00059
00060
00061
00062
00063
00064
00065
00066
00067
00068
00069
00070
00071
00072
00073
00074
00075
00076
00077
00079
00081
00083
00084
00085
00087
00088
00090
00092
00093
00094
00095
00096
00098
00100
00101
00102
00105
00106
00107
00108
00109
00110
00111
00112
00113
00114
00115
00116
00117
00118
00119
00120
00121
00122
00123
00124
00125
00126
00127
00129
00131
00133
00134
00135
00137
00138
00140
00142
00143
00144
00145
00146
00148
00150
00151
00152
00155
00156
00157
00158
00159
00160
00161
00162
00163
00164
00165
00166
00167
00168
00169
00170
00171
00172
00173
00174
00175
00176
00177
00179
00181
00183
00184
00185
00187
00188
00190
00192
00193
00194
00195
00196
00198
00200
00201
00202
00205
00206
00207
00208
00209
00210
00211
00212
00213
00214
00215
00216
00217
00218
00219
00220
00221
00222
00223
00224
00225
00226
00227
00229
00231
00233
00234
00235
00237
00238
00240
00242
00243
00244
00245
00246
00248
00250
00251
00252
00255
00256
00257
00258
00259
00260
00261
00262
00263
00264
00265
00266
00267
00268
00269
00270
00271
00272
00273
00274
00275
00276
00277
00279
00281
00283
00284
00285
00287
00288
00290
00292
00293
00294
00295
00296
00298
00300
00301
00302
00305
00306
00307
00308
00309
00310
00311
00312
00313
00314
00315
00316
00317
00318
00319
00320
00321
00322
00323
00324
00325
00326
00327
00329
00331
00333
00334
00335
00337
00338
00340
00342
00343
00344
00345
00346
00348
00350
00351
00352
00355
00356
00357
00358
00359
00360
00361
00362
00363
00364
00365
00366
00367
00368
00369
00370
00371
00372
00373
00374
00375
00376
00377
00379
00381
00383
00384
00385
00387
00388
00390
00392
00393
00394
00395
00396
00398
00400
00401
00402
00405
00406
00407
00408
00409
00410
00411
00412
00413
00414
00415
00416
00417
00418
00419
00420
00421
00422
00423
00424
00425
00426
00427
00429
00431
00433
00434
00435
00437
00438
00440
00442
00443
00444
00445
00446
00448
00450
00451
00452
00455
00456
00457
00458
00459
00460
00461
00462
00463
00464
00465
00466
00467
00468
00469
00470
00471
00472
00473
00474
00475
00476
00477
00479
00481
00483
00484
00485
00487
00488
00490
00492
00493
00494
00495
00496
00498
00500